,name,clouds,country,dt,humidity,lat,lon,temp_max,speed
0,Jamestown,1,US,1600821198,76,42.1,-79.24,57.0,5.82
1,Hilo,20,US,1600821587,58,19.73,-155.09,86.0,6.93
2,Vila Velha,75,BR,1600821336,94,-20.33,-40.29,73.99,6.93
3,Eilenburg,24,DE,1600821589,62,51.46,12.63,64.0,6.73
4,Rikitea,100,PF,1600821341,74,-23.12,-134.97,72.9,17.85
5,Kapaa,40,US,1600821171,66,22.08,-159.32,84.2,13.87
6,Busselton,0,AU,1600821357,82,-33.65,115.33,57.0,1.99
7,Mataura,62,NZ,1600821383,74,-46.19,168.86,57.99,11.99
8,Port Alfred,0,ZA,1600821596,69,-33.59,26.89,57.4,3.89
9,Sarai,0,RU,1600821597,91,53.75,41.02,51.42,8.41
10,Olafsvik,99,IS,1600821599,78,64.89,-23.71,39.96,27.85
11,Majene,100,ID,1600821600,74,-3.54,118.97,82.62,11.23
12,Alekseyevsk,24,RU,1600821601,83,57.84,108.35,43.48,2.68
13,Punta Arenas,75,CL,1600821391,75,-53.15,-70.92,42.8,16.11
14,Bogale,31,MM,1600821604,86,16.28,95.4,80.94,3.22
15,Saint-Joseph,42,RE,1600821605,55,-21.37,55.62,66.2,8.05
16,Lompoc,1,US,1600821511,72,34.64,-120.46,73.0,9.17
17,Sur,99,OM,1600821608,43,22.57,59.53,81.41,2.21
18,Barrow,75,US,1600821301,74,71.29,-156.79,33.8,13.87
19,Newcastle,0,AU,1600821383,33,-32.93,151.78,72.0,19.46
20,Corn Island,48,NI,1600821611,77,12.17,-83.04,83.48,14.05
21,Klaksvík,98,FO,1600821351,93,62.23,-6.59,41.0,3.36
22,Alice Springs,0,AU,1600821413,28,-23.7,133.88,68.0,20.8
23,Port Macquarie,0,AU,1600821615,34,-31.43,152.92,75.99,4.76
24,Bengkulu,1,ID,1600821365,74,-3.8,102.27,80.31,4.79
25,Tuburan,40,PH,1600821617,70,6.64,122.27,86.0,2.24
26,Dikson,100,RU,1600821618,85,73.51,80.55,41.61,13.27
27,Freeport,1,US,1600821490,48,40.66,-73.58,69.01,4.7
28,Avarua,91,CK,1600821621,83,-21.21,-159.78,80.6,12.75
29,Castro,32,BR,1600821599,92,-24.79,-50.01,49.32,9.62
30,Cidreira,0,BR,1600821623,74,-30.18,-50.21,58.82,18.68
31,Buluang,28,PH,1600821624,71,13.31,123.34,85.8,3.62
32,Atuona,61,PF,1600821371,72,-9.8,-139.03,78.24,19.26
33,Saldanha,0,ZA,1600821627,81,-33.01,17.94,48.2,4.7
34,Tiksi,18,RU,1600821628,64,71.69,128.87,46.11,21.59
35,New Norfolk,50,AU,1600821629,55,-42.78,147.06,55.99,5.01
36,Verkhotur'ye,0,RU,1600821631,87,58.86,60.81,41.07,11.81
37,Ixtapa,75,MX,1600821632,88,20.7,-105.2,80.6,3.36
38,Pevek,100,RU,1600821633,94,69.7,170.31,39.06,18.1
39,Vanimo,65,PG,1600821634,57,-2.67,141.3,87.4,5.26
40,Cape Town,0,ZA,1600821484,87,-33.93,18.42,57.0,12.75
41,Puerto Nariño,20,CO,1600821638,88,-3.77,-70.38,78.8,2.24
42,Hobart,75,AU,1600821354,62,-42.88,147.33,55.99,11.41
43,Saint-Philippe,71,RE,1600821640,55,-21.36,55.77,66.2,8.05
44,Mulegé,0,MX,1600821642,48,26.88,-111.98,90.5,3.65
45,Bredasdorp,0,ZA,1600821643,93,-34.53,20.04,42.8,2.24
46,Romilly-sur-Seine,90,FR,1600821644,77,48.51,3.73,64.4,2.24
47,Vila Franca do Campo,20,PT,1600821646,77,37.72,-25.43,66.2,8.05
48,Shurugwi,100,ZW,1600821648,89,-19.67,30.01,52.74,10.94
49,Carnarvon,0,AU,1600821649,16,-24.87,113.63,73.4,16.11
50,Port Elizabeth,0,ZA,1600821650,81,-33.92,25.57,44.6,6.93
51,Provideniya,73,RU,1600821653,70,64.38,-173.3,44.6,4.47
52,Hualmay,10,PE,1600821654,84,-11.1,-77.61,61.14,5.77
53,Kodinsk,100,RU,1600821655,73,58.69,99.18,44.33,7.09
54,Petropavlovsk-Kamchatskiy,40,RU,1600821656,66,53.05,158.65,55.4,2.24
55,Guangyuan,98,CN,1600821657,87,32.44,105.82,55.99,3.0
56,Broken Hill,0,AU,1600821659,47,-31.95,141.43,57.2,20.8
57,Yangi Marg`ilon,0,UZ,1600821661,71,40.43,71.72,53.6,4.7
58,Dauphin,1,CA,1600821386,55,51.15,-100.05,66.2,21.92
59,Katsuura,100,JP,1600821384,90,35.13,140.3,71.01,1.01
60,Iqaluit,90,CA,1600821334,64,63.75,-68.51,35.6,17.22
61,Roebourne,0,AU,1600821666,16,-20.78,117.13,80.38,20.22
62,Acajutla,7,SV,1600821516,61,13.59,-89.83,82.4,1.79
63,Lüderitz,0,NA,1600821668,27,-26.65,15.16,65.98,4.23
64,Anadyr,12,RU,1600821669,65,64.75,177.48,44.6,8.95
65,Cayenne,9,GF,1600821671,78,4.93,-52.33,80.6,3.36
66,Tuktoyaktuk,90,CA,1600821672,86,69.45,-133.04,39.2,3.06
67,Hermanus,55,ZA,1600821673,89,-34.42,19.23,52.0,3.0
68,Cabo San Lucas,20,MX,1600821674,74,22.89,-109.91,90.0,11.41
69,Marzuq,100,YE,1600821367,31,14.4,46.47,77.27,3.04
70,Bilibino,100,RU,1600821679,76,68.05,166.44,37.33,4.54
71,Ushuaia,40,AR,1600821329,70,-54.8,-68.3,42.8,9.17
72,Yar-Sale,41,RU,1600821681,87,66.83,70.83,36.57,12.44
73,Mar del Plata,100,AR,1600821278,71,-38.0,-57.56,55.99,9.17
74,Albany,0,US,1600821685,51,42.6,-73.97,59.0,6.71
75,Tessalit,0,ML,1600821687,16,20.2,1.01,87.94,7.31
76,Vaini,75,TO,1600821688,78,-21.2,-175.2,77.0,13.87
77,San Cristobal,100,VE,1600821690,82,7.77,-72.22,68.2,2.21
78,Belmonte,75,BR,1600821691,78,-15.86,-38.88,77.0,3.36
79,Lincoln,1,US,1600821449,44,40.8,-96.67,77.0,6.93
80,Tehachapi,1,US,1600821693,24,35.13,-118.45,82.99,17.22
81,Fonte Boa,100,BR,1600821694,95,-2.5,-66.27,75.22,10.56
82,Lata,21,PT,1600821696,86,40.16,-8.33,66.0,3.33
83,Butaritari,4,KI,1600821380,76,3.07,172.79,82.67,17.11
84,Ponta do Sol,20,PT,1600821698,78,32.67,-17.1,75.2,10.29
85,Sitka,90,US,1600821699,58,57.05,-135.33,57.2,20.8
86,Chui,100,UY,1600821701,79,-33.7,-53.46,49.51,9.31
87,Bethalto,40,US,1600821702,82,38.91,-90.04,68.0,6.93
88,Kavieng,97,PG,1600821703,62,-2.57,150.8,85.71,8.21
89,Puerto Ayora,52,EC,1600821389,84,-0.74,-90.35,68.0,5.01
90,Alekseyevka,2,RU,1600821707,57,50.63,38.69,52.48,5.3
91,Bambous Virieux,20,MU,1600821708,88,-20.34,57.76,68.0,9.42
92,San Borja,2,BO,1600821709,51,-14.82,-66.85,74.1,2.68
93,Abu Dhabi,0,AE,1600821710,89,24.47,54.37,84.2,2.24
94,Cherskiy,100,RU,1600821349,91,68.75,161.3,38.28,3.47
95,Margate,0,GB,1600821713,67,51.38,1.39,64.99,1.99
96,Gela,100,IT,1600821714,73,37.08,14.23,71.6,3.36
97,Kashgar,40,CN,1600821715,51,39.45,75.98,60.8,4.47
98,St. George's,20,GD,1600821716,79,12.06,-61.75,84.2,6.93
99,Nikolskoye,40,RU,1600821718,93,59.7,30.79,48.99,2.24
100,Whitehorse,90,CA,1600821719,53,60.72,-135.05,51.8,11.41
101,Bluff,15,NZ,1600821720,76,-46.6,168.33,54.68,14.99
102,Qaanaaq,0,GL,1600821721,79,77.48,-69.36,12.69,8.37
103,Te Anau,98,NZ,1600821723,65,-45.42,167.72,56.25,6.64
104,Gravdal,100,NO,1600821724,69,68.12,13.5,45.19,9.31
105,Saint Paul Harbor,100,US,1600821725,86,57.79,-152.41,50.0,30.0
106,Cap Malheureux,20,MU,1600821726,88,-19.98,57.61,68.0,14.12
107,Garwolin,0,PL,1600821728,97,51.9,21.61,57.99,6.71
108,Soyo,100,AO,1600821729,82,-6.13,12.37,73.76,6.31
109,Srednekolymsk,93,RU,1600821730,83,67.45,153.68,43.29,3.18
110,Egvekinot,43,RU,1600821732,66,66.32,-179.17,41.29,3.06
111,Hithadhoo,83,MV,1600821733,67,-0.6,73.08,81.97,6.29
112,Along,100,IN,1600821734,90,28.17,94.77,73.17,0.58
113,Imeni Poliny Osipenko,0,RU,1600821735,65,52.42,136.49,56.28,2.08
114,Buala,7,SB,1600821736,64,-8.14,159.59,86.49,3.49
115,Clyde River,1,CA,1600821738,79,70.47,-68.59,24.8,3.36
116,Geraldton,0,AU,1600821739,51,-28.77,114.6,62.6,11.41
117,San Quintín,0,MX,1600821740,60,30.48,-115.95,75.29,12.37
118,Nyrob,100,RU,1600821743,90,60.73,56.72,39.9,11.16
119,Sunrise Manor,1,US,1600821744,10,36.21,-115.07,98.6,9.17
120,Bida,36,NG,1600821745,93,9.08,6.02,74.14,3.4
121,Nanortalik,0,GL,1600821746,76,60.14,-45.24,37.26,11.5
122,Faya,29,SA,1600821748,20,18.39,42.45,66.2,7.85
123,Cullman,40,US,1600821621,82,34.17,-86.84,66.0,2.82
124,Saskylakh,11,RU,1600821337,64,71.92,114.08,46.72,18.48
125,Chemal,100,RU,1600821751,78,51.41,86.0,48.94,1.95
126,Upernavik,100,GL,1600821375,92,72.79,-56.15,26.33,7.38
127,Guerrero Negro,0,MX,1600821753,55,27.98,-114.06,78.87,14.67
128,Alofi,90,NU,1600821755,94,-19.06,-169.92,69.8,9.17
129,Wonthaggi,70,AU,1600821757,80,-38.6,145.59,59.0,18.54
130,Ilulissat,0,GL,1600821758,73,69.22,-51.1,23.0,4.65
131,Pangnirtung,100,CA,1600821759,76,66.15,-65.71,33.94,6.02
132,Kushmurun,100,KZ,1600821761,80,52.45,64.63,46.72,21.03
133,Bemidji,1,US,1600821763,46,47.47,-94.88,71.6,5.82
134,Norman Wells,40,CA,1600821765,38,65.28,-126.83,60.8,5.82
135,Cao Bang,100,VN,1600821767,90,22.67,106.25,76.86,0.29
136,Beringovskiy,46,RU,1600821374,58,63.05,179.32,45.36,4.5
137,Batemans Bay,0,AU,1600821770,36,-35.72,150.18,68.0,7.0
138,Khatanga,65,RU,1600821771,65,71.97,102.5,47.37,16.04
139,Ribeira Grande,100,PT,1600821774,90,38.52,-28.7,68.79,17.11
140,Fomboni,0,KM,1600821775,81,-12.28,43.74,78.75,14.94
141,Mahébourg,20,MU,1600821776,88,-20.41,57.7,68.0,9.22
142,Weligama,99,LK,1600821777,87,5.97,80.42,77.88,7.99
143,Longyearbyen,40,SJ,1600821779,64,78.22,15.64,35.6,10.29
144,Kemlya,100,RU,1600821780,86,54.7,45.24,52.2,10.54
145,Vardø,87,NO,1600821782,81,70.37,31.11,45.36,10.56
146,Ojinaga,1,MX,1600821784,23,29.57,-104.42,87.8,4.7
147,Ahipara,12,NZ,1600821785,70,-35.17,173.17,63.63,12.82
148,Verāval,100,IN,1600821607,87,20.9,70.37,81.93,12.26
149,Kirksville,1,US,1600821787,72,40.19,-92.58,71.01,5.82
150,Mutare,64,ZW,1600821789,93,-18.97,32.67,55.45,4.83
151,Marabu,40,MY,1600821790,88,4.41,114.01,78.8,2.24
152,Arraial do Cabo,100,BR,1600821791,86,-22.97,-42.03,68.02,18.34
153,Yellowknife,20,CA,1600821089,76,62.46,-114.35,54.0,10.29
154,Bubaque,0,GW,1600821794,82,11.28,-15.83,80.73,8.77
155,San Ignacio,20,BZ,1600821797,70,17.16,-89.07,86.0,4.7
156,Shihezi,14,CN,1600821798,34,44.3,86.03,62.31,7.83
157,Pangani,44,TZ,1600821800,84,-5.43,38.97,76.28,10.45
158,Chegdomyn,100,RU,1600821801,61,51.12,133.02,57.2,0.54
159,Pisco,0,PE,1600821802,82,-13.7,-76.22,62.6,10.29
160,Lebu,61,CL,1600821803,83,-37.62,-73.65,48.87,17.67
161,Poum,0,NC,1600821806,70,-20.23,164.02,72.52,4.29
162,Nouadhibou,0,MR,1600821379,78,20.93,-17.03,75.2,14.99
163,Mandalgovi,0,MN,1600821809,45,45.76,106.27,55.15,11.23
164,Taoudenni,0,ML,1600821810,14,22.68,-3.98,94.69,6.6
165,Chokurdakh,88,RU,1600821813,78,70.63,147.92,44.85,8.03
166,Muros,100,ES,1600821814,92,42.78,-9.06,64.99,7.0
167,Faanui,38,PF,1600821816,81,-16.48,-151.75,78.1,16.73
168,Port Hardy,90,CA,1600821728,77,50.7,-127.42,59.0,12.75
169,Tasiilaq,100,GL,1600821820,74,65.61,-37.64,28.4,6.93
170,Aklavik,75,CA,1600821821,81,68.22,-135.01,44.6,2.24
171,Borogontsy,42,RU,1600821822,57,62.67,131.17,50.67,1.63
172,Constitución,39,CL,1600821824,80,-35.33,-72.42,53.83,8.57
173,Alpena,1,US,1600821825,77,45.06,-83.43,62.6,6.15
174,San Patricio,75,MX,1600821826,83,19.22,-104.7,82.4,11.41
175,Avera,1,US,1600821828,93,33.19,-82.53,64.4,2.91
176,Harper,81,LR,1600821829,89,4.38,-7.72,75.69,9.71
177,Talnakh,75,RU,1600821830,93,69.49,88.4,46.4,11.18
178,Saint-François,75,FR,1600821832,87,46.42,3.91,60.8,3.36
179,Yerbogachën,0,RU,1600821834,80,61.28,108.01,46.36,4.0
180,Pathein,100,MM,1600821835,91,16.78,94.73,78.67,4.56
181,San Ramon,1,US,1600821797,20,37.78,-121.98,84.0,13.87
182,Grand Gaube,20,MU,1600821839,88,-20.01,57.66,68.0,14.14
183,Itoman,40,JP,1600821843,74,26.12,127.67,84.2,4.7
184,Road Town,100,VG,1600821845,89,18.42,-64.62,82.99,3.0
185,Narsaq,5,GL,1600821388,34,60.92,-46.05,33.8,11.41
186,Marsh Harbour,100,BS,1600821847,72,26.54,-77.06,79.5,19.46
187,Tuatapere,62,NZ,1600821848,53,-46.13,167.68,60.51,5.61
188,Ponta Delgada,20,PT,1600821849,77,37.73,-25.67,66.2,8.05
189,Cockburn Town,100,TC,1600821851,81,21.46,-71.14,81.95,12.28
190,Port Lincoln,11,AU,1600821852,67,-34.73,135.87,57.38,15.55
191,Cabo Rojo,100,PR,1600821853,90,18.09,-67.15,82.0,1.01
192,Denton,90,US,1600821823,83,33.2,-97.13,69.8,8.05
193,Togur,100,RU,1600821856,94,58.36,82.83,39.97,6.85
194,Kahului,40,US,1600821858,55,20.89,-156.47,87.8,25.28
195,Inhambane,71,MZ,1600821859,70,-23.86,35.38,65.66,9.35
196,Khandyga,100,RU,1600821861,58,62.67,135.6,49.48,1.77
197,Kisangani,0,CD,1600821862,96,0.52,25.2,69.35,0.87
198,East London,0,ZA,1600821864,57,-33.02,27.91,60.01,2.82
199,George Town,20,MY,1600821684,88,5.41,100.34,77.0,2.24
200,Pangody,100,RU,1600821866,90,65.85,74.49,37.09,12.71
201,Bethel,1,US,1600821784,58,41.37,-73.41,54.0,7.87
202,Esperance,5,AU,1600821377,100,-33.87,121.9,53.6,5.82
203,Praia da Vitória,90,PT,1600821870,93,38.73,-27.07,66.99,11.61
204,Same,0,TZ,1600821871,82,-4.07,37.73,64.45,1.23
205,St Austell,100,GB,1600821872,93,50.34,-4.77,57.2,5.82
206,Ancud,0,CL,1600821352,94,-41.87,-73.82,48.99,4.0
207,Rancho Palos Verdes,5,US,1600821673,77,33.74,-118.39,70.0,18.34
208,Kaitangata,8,NZ,1600821876,73,-46.28,169.85,58.12,5.66
209,Laas,75,IT,1600821877,100,46.62,10.7,57.2,3.36
210,Severo-Kuril'sk,0,RU,1600821879,69,50.68,156.12,51.33,10.25
211,Lagoa,100,PT,1600821880,84,39.05,-27.98,69.01,24.99
212,Neepawa,75,CA,1600821881,40,50.23,-99.47,71.6,8.05
213,Fortuna,1,US,1600821884,77,40.6,-124.16,68.0,9.17
214,Santa Cruz de la Sierra,0,BO,1600821791,56,-17.8,-63.17,69.8,2.24
215,Kununurra,0,AU,1600821886,52,-15.77,128.73,87.8,5.82
216,Saint Anthony,1,US,1600821777,50,45.02,-93.22,77.0,3.36
217,Antalaha,14,MG,1600821889,83,-14.9,50.28,65.97,6.85
218,Santa Cruz Cabrália,75,BR,1600821890,78,-16.28,-39.02,77.0,3.36
219,Adrar,0,MR,1600821891,19,20.5,-10.07,94.24,5.64
220,Saint-Pierre,4,RE,1600821893,55,-21.34,55.48,66.2,9.17
221,Alyangula,1,AU,1600821895,55,-13.85,136.42,87.8,12.75
222,Troitsko-Pechorsk,100,RU,1600821896,90,62.71,56.2,41.13,8.23
223,Arman',0,RU,1600821897,54,59.7,150.17,46.51,4.16
224,Lukovetskiy,75,RU,1600821899,66,64.3,41.92,50.0,13.42
225,Meulaboh,42,ID,1600821900,84,4.14,96.13,78.93,2.57
226,Merauke,99,ID,1600821901,70,-8.47,140.33,83.32,8.88
227,Gayny,17,RU,1600821902,89,60.31,54.32,38.62,11.18
228,Tarko-Sale,100,RU,1600821904,92,64.92,77.78,37.99,17.18
229,Salalah,75,OM,1600821662,83,17.02,54.09,80.6,6.93
230,Doha,0,QA,1600821906,75,25.29,51.53,89.6,3.36
231,Nizwá,70,OM,1600821909,18,22.93,57.53,81.09,4.25
232,Farap,0,TM,1600821910,37,39.17,63.61,51.8,6.93
233,Kentau,44,KZ,1600821911,53,43.52,68.51,46.27,1.23
234,Honiara,20,SB,1600821913,70,-9.43,159.95,86.0,9.17
235,Gopālpur,97,IN,1600821914,82,19.27,84.92,82.02,15.32
236,Samandağ,35,TR,1600821915,73,36.08,35.98,77.0,9.17
237,Mount Isa,6,AU,1600821362,38,-20.73,139.5,75.2,8.05
238,Banjar,75,ID,1600821919,100,-8.19,114.97,80.6,1.12
239,Half Moon Bay,20,US,1600821921,77,37.46,-122.43,78.01,11.41
240,Assiut,0,EG,1600821923,53,27.18,31.18,77.0,6.93
241,Liverpool,40,GB,1600821705,87,53.41,-2.98,59.0,5.82
242,Verkhnyaya Inta,100,RU,1600821926,95,65.98,60.31,37.58,6.04
243,Linxia Chengguanzhen,63,CN,1600821927,65,35.6,103.21,56.55,0.72
244,Oktyabr'skoye,0,RU,1600821929,100,43.06,44.74,44.6,6.71
245,Hamilton,1,US,1600821909,82,39.18,-84.53,64.99,1.63
246,Goderich,0,CA,1600821932,65,43.75,-81.72,69.01,11.3
247,Klyuchi,100,RU,1600821934,67,52.27,79.17,46.63,14.63
248,Clovis,75,US,1600821935,18,36.83,-119.7,93.2,13.87
249,Eidsvoll,90,NO,1600821936,87,60.33,11.26,55.4,11.41
250,Avila,20,ES,1600821938,87,40.58,-5.0,55.4,2.24
251,Glyadyanskoye,100,RU,1600821939,92,54.91,65.09,45.64,21.45
252,Port-Gentil,100,GA,1600821940,86,-0.72,8.78,75.81,12.86
253,Izalco,55,SV,1600821942,61,13.74,-89.67,82.4,0.29
254,Antofagasta,90,CL,1600821355,82,-23.65,-70.4,57.2,8.05
255,Morris,0,US,1600821945,57,40.83,-74.53,63.0,1.01
256,Gallup,1,US,1600821802,25,35.53,-108.74,75.2,8.05
257,Paysandu,32,UY,1600821674,83,-32.32,-58.08,51.19,7.49
258,City of San Pedro,75,PH,1600821948,83,14.35,121.02,82.4,3.36
259,Rabaul,100,PG,1600821949,69,-4.2,152.17,83.5,4.36
260,Bilma,0,NE,1600821951,18,18.69,12.92,86.88,9.22
261,Nagapattinam,96,IN,1600821952,70,10.77,79.83,79.61,9.82
262,Saint-Augustin,100,CA,1600821953,65,51.23,-58.65,49.55,3.96
263,Colorado Springs,75,US,1600821721,30,38.83,-104.82,71.6,12.75
264,Eyl,91,SO,1600821956,70,7.98,49.82,77.23,10.87
265,Bariloche,0,AR,1600821957,81,-41.15,-71.31,44.6,11.41
266,Codrington,100,AU,1600821958,74,-38.27,141.97,50.76,16.55
267,Shar,100,KZ,1600821959,45,49.59,81.05,51.28,8.14
268,Kasongo,8,CD,1600821961,83,-4.45,26.67,71.1,2.75
269,Kaeo,30,NZ,1600821962,66,-35.1,173.78,64.08,11.97
270,Buraidah,0,SA,1600821963,31,26.33,43.98,78.8,3.36
271,Tortolì,5,IT,1600821964,60,39.93,9.66,69.8,17.22
272,Makakilo City,20,US,1600821966,43,21.35,-158.09,89.6,10.29
273,Port Hedland,0,AU,1600821967,7,-20.32,118.57,84.2,21.92
274,Safaga,0,EG,1600821968,42,26.73,33.94,84.2,9.17
275,Malmesbury,0,ZA,1600821969,93,-33.46,18.73,57.0,4.76
276,Kharp,100,RU,1600821971,93,66.8,65.81,35.42,9.37
277,Walvis Bay,0,NA,1600821972,93,-22.96,14.51,55.0,3.36
278,Touros,20,BR,1600821975,83,-5.2,-35.46,75.2,5.82
279,Burgeo,100,CA,1600821976,92,47.62,-57.62,54.01,31.0
280,Xichang,100,CN,1600821977,79,27.9,102.26,59.86,2.44
281,Tautira,20,PF,1600821979,62,-17.73,-149.15,86.0,12.75
282,Berlevåg,100,NO,1600821981,88,70.86,29.09,44.67,4.5
283,Shimoda,75,JP,1600821982,94,34.67,138.95,69.8,25.28
284,Huasahuasi,96,PE,1600821983,97,-11.32,-75.62,42.6,3.65
285,Porto Walter,100,BR,1600821985,91,-8.27,-72.74,74.55,0.98
286,Loukhi,84,RU,1600821986,73,66.08,33.04,39.36,8.5
287,Flin Flon,6,CA,1600821833,71,54.77,-101.86,50.0,4.05
288,Unaí,100,BR,1600821988,53,-16.36,-46.91,74.7,2.51
289,Guapiaçu,40,BR,1600821990,60,-20.8,-49.22,68.0,9.17
290,Omsukchan,7,RU,1600821991,64,62.53,155.8,39.52,5.82
291,Kailua,20,US,1600821992,66,21.4,-157.74,84.2,16.11
292,Rumford,100,US,1600821993,57,44.55,-70.55,57.99,5.99
293,Kulhudhuffushi,100,MV,1600821995,78,6.62,73.07,81.72,14.34
294,Dongsheng,35,CN,1600821996,76,39.82,109.98,52.74,9.15
295,Ust-Nera,96,RU,1600821997,56,64.57,143.2,46.4,5.88
296,Solnechnyy,80,RU,1600821999,59,50.72,136.63,56.73,2.93
297,Cassilândia,79,BR,1600822000,71,-19.11,-51.73,73.13,1.5
298,Hong Kong,92,HK,1600822001,77,22.29,114.16,84.99,3.0
299,Al Bardīyah,0,LY,1600822002,73,31.76,25.09,71.29,6.82
300,Alta Floresta,100,BR,1600822003,96,-9.88,-56.09,71.58,6.02
301,Thompson,75,CA,1600822005,62,55.74,-97.86,53.6,11.41
302,Nioro,4,GM,1600822006,90,13.35,-15.75,75.54,5.14
303,Almaty,20,KZ,1600821760,70,43.25,76.95,46.4,4.47
304,Bismarck,1,US,1600822008,25,46.81,-100.78,84.2,5.21
305,Christchurch,0,NZ,1600821712,46,-43.53,172.63,71.6,2.24
306,Sibolga,92,ID,1600822011,82,1.74,98.78,79.03,2.17
307,Loikaw,100,MM,1600822012,93,19.67,97.21,71.22,1.5
308,Giohar,96,SO,1600822013,85,2.78,45.5,76.14,11.5
309,Erzin,4,TR,1600822014,83,36.96,36.2,79.0,1.07
310,Vestmannaeyjar,100,IS,1600822016,72,63.44,-20.27,41.74,13.09
311,Qeshm,0,IR,1600822017,44,26.96,56.27,84.2,6.93
312,Zhigansk,36,RU,1600822018,61,66.77,123.37,47.12,3.69
313,Rocha,100,UY,1600822019,84,-34.48,-54.33,46.18,8.9
314,Andrelândia,100,BR,1600822022,90,-21.74,-44.31,57.58,6.53
315,Kirovskiy,76,RU,1600822023,72,45.09,133.51,61.23,4.83
316,Gold Coast,92,AU,1600822001,83,-28.0,153.43,78.01,4.7
317,Dunedin,77,NZ,1600822026,68,-45.87,170.5,59.0,11.99
318,Jimma,100,ET,1600822027,92,7.67,36.83,59.67,2.15
319,Yulara,0,AU,1600822028,32,-25.24,130.99,66.2,16.11
320,Ţaga,11,RO,1600822029,93,46.95,24.05,48.2,2.24
321,Échirolles,99,FR,1600822031,95,45.13,5.72,55.0,2.82
322,Beloha,20,MG,1600822032,75,-25.17,45.05,59.63,9.24
323,Baykit,100,RU,1600822033,88,61.67,96.37,42.84,3.42
324,Bambari,100,CF,1600822034,95,5.77,20.68,69.48,2.84
325,Dingle,20,PH,1600822037,76,11.0,122.67,83.64,2.73
326,Oistins,20,BB,1600822038,78,13.07,-59.53,82.4,8.05
327,Leshan,100,CN,1600822040,90,29.56,103.76,65.86,3.33
328,Torbay,90,CA,1600821789,100,47.67,-52.73,54.0,14.99
329,Narasannapeta,84,IN,1600822042,86,18.42,84.05,80.58,7.96
330,Bachaquero,100,VE,1600822044,82,9.97,-71.15,81.97,5.53
331,Altus,1,US,1600822046,73,34.64,-99.33,73.4,5.82
332,Lubāna,59,LV,1600822047,95,56.9,26.72,49.12,5.28
333,Tromsø,75,NO,1600822048,75,69.65,18.96,42.8,17.22
334,Isangel,75,VU,1600822049,61,-19.55,169.27,80.6,6.93
335,Fort Smith,90,US,1600822012,93,35.39,-94.4,66.2,8.05
336,Vestmanna,99,FO,1600822052,93,62.16,-7.17,41.0,3.36
337,Pacific Grove,1,US,1600821760,67,36.62,-121.92,75.0,6.93
338,Mazarrón,100,ES,1600822054,83,37.6,-1.31,72.0,4.7
339,Saint George,1,US,1600821862,13,37.1,-113.58,93.2,12.75
340,Chapais,90,CA,1600822057,71,49.78,-74.85,57.2,5.82
341,Ucluelet,90,CA,1600821997,93,48.93,-125.55,59.0,12.75
342,Manhumirim,100,BR,1600822059,86,-20.36,-41.96,64.98,5.59
343,Ulladulla,0,AU,1600822060,32,-35.35,150.47,66.99,24.16
344,Bathsheba,20,BB,1600822062,78,13.22,-59.52,82.4,8.05
345,Moree,0,AU,1600822063,30,-29.47,149.85,71.6,9.17
346,Turiaçu,1,BR,1600822064,90,-1.66,-45.37,74.71,5.61
347,Kiama,0,AU,1600822067,32,-34.68,150.87,68.0,24.16
348,Martin,40,US,1600822068,54,27.08,-80.42,81.0,14.99
349,Najrān,0,SA,1600822069,16,17.49,44.13,78.8,4.7
350,Tandil,100,AR,1600822071,81,-37.32,-59.13,51.04,9.64
351,Ürümqi,98,CN,1600821964,33,43.8,87.6,62.6,8.95
352,Los Llanos de Aridane,100,ES,1600822073,88,28.66,-17.92,75.2,8.99
353,Craigieburn,75,AU,1600822074,62,-37.6,144.95,55.4,19.46
354,Sandwick,97,GB,1600821996,87,60.0,-1.25,48.2,17.22
355,Chifeng,37,CN,1600822077,46,42.27,118.96,61.59,3.42
356,Palmer,40,US,1600822078,33,42.16,-72.33,59.0,10.29
357,Hammerfest,11,NO,1600822079,81,70.66,23.68,42.8,27.51
358,Posevnaya,100,RU,1600822080,85,54.3,83.33,43.74,9.1
359,Lorengau,99,PG,1600822082,71,-2.02,147.27,85.42,9.82
360,Libertad,7,PH,1600822083,65,8.94,125.5,86.47,2.59
361,Lae,9,PG,1600821873,54,-6.72,146.98,86.79,5.41
362,Marabba,55,SD,1600822085,78,12.35,32.18,78.58,6.89
363,Marrakesh,40,MA,1600821995,47,31.63,-8.01,75.2,3.36
364,Iralaya,20,HN,1600822088,70,15.0,-83.23,86.0,8.05
365,Artigas,8,UY,1600822089,85,-30.4,-56.47,51.78,10.49
366,Altamira,87,BR,1600822010,57,-3.2,-52.21,84.2,2.8
367,Bermeo,0,ES,1600821900,93,43.42,-2.72,63.0,2.24
368,Nabire,100,ID,1600822038,85,-3.37,135.48,77.14,3.51
369,Sørland,100,NO,1600822094,76,67.67,12.69,44.94,14.94
370,Urusha,100,RU,1600822096,92,54.05,122.9,46.17,9.44
371,Iracoubo,0,GF,1600822098,82,5.48,-53.2,79.95,14.79
372,Sinaloa,0,MX,1600822099,69,25.0,-107.5,90.0,1.99
373,Ngozi,57,BI,1600822101,90,-2.91,29.83,57.72,0.65
374,Sinnamary,0,GF,1600822102,83,5.38,-52.95,79.68,15.01
375,Arauca,100,CO,1600822103,78,7.08,-70.76,78.13,0.51
376,Paamiut,0,GL,1600822104,79,61.99,-49.67,33.73,10.38
377,Itamaracá,40,BR,1600822106,74,-7.75,-34.83,78.8,9.17
378,Turukhansk,94,RU,1600822107,82,65.82,87.98,43.72,11.41
379,Hornepayne,67,CA,1600822108,89,49.21,-84.77,55.53,5.99
380,Nuuk,5,GL,1600822109,87,64.18,-51.72,32.0,6.93
381,Hasaki,75,JP,1600821873,83,35.73,140.83,73.4,10.29
382,Bontang,100,ID,1600822114,90,0.13,117.5,75.27,3.2
383,Tual,71,ID,1600822115,80,-5.67,132.75,80.58,18.88
384,Saint-Louis,0,SN,1600822117,83,16.33,-15.0,82.4,2.24
385,Adré,100,TD,1600822118,73,13.47,22.2,76.12,6.08
386,Darovskoy,100,RU,1600822119,88,58.77,47.96,45.14,8.21
387,Castelldefels,20,ES,1600822121,82,41.28,1.97,70.0,8.05
388,Saint Cloud,1,US,1600822122,60,45.56,-94.16,75.2,3.36
389,Safranbolu,0,TR,1600822123,82,41.25,32.69,57.94,1.36
390,Erenhot,16,CN,1600821828,33,43.65,111.98,58.93,7.25
391,Igarka,100,RU,1600822125,80,67.47,86.58,44.2,15.37
392,Kiryat Gat,0,IL,1600822023,81,31.61,34.76,77.0,2.84
393,Shahrud,0,IR,1600822128,54,36.42,54.98,57.18,4.5
394,Trzebinia,0,PL,1600822129,93,50.16,19.47,57.0,3.36
395,Três Passos,0,BR,1600822130,89,-27.46,-53.93,59.0,6.13
396,Vostok,100,RU,1600822132,84,46.49,135.88,51.39,1.28
397,Xiongzhou,100,CN,1600822133,88,25.12,114.3,73.33,3.67
398,Tsimmerbude,62,RU,1600822134,82,54.67,20.13,59.0,8.95
399,Tabou,65,CI,1600822135,88,4.42,-7.35,75.47,10.04
400,Khovd,0,MN,1600822137,42,48.01,91.64,54.14,6.04
401,Emba,1,KZ,1600822138,70,48.83,58.14,51.26,13.56
402,North Branch,0,US,1600822139,78,45.51,-92.98,81.0,4.94
403,Souillac,20,MU,1600822140,88,-20.52,57.52,68.0,7.67
404,Salinas,1,US,1600822064,56,36.68,-121.66,75.0,9.17
405,Haines Junction,100,CA,1600821850,57,60.75,-137.51,50.54,3.56
406,Banda Aceh,100,ID,1600822144,72,5.56,95.32,81.86,3.78
407,Coquimbo,20,CL,1600822145,93,-29.95,-71.34,51.8,3.36
408,Eden,1,US,1600822147,93,36.49,-79.77,55.99,3.67
409,Chateaubelair,40,VC,1600822149,79,13.28,-61.25,84.2,12.75
410,Krasne,0,UA,1600822150,81,49.91,24.61,51.8,4.47
411,Bandarbeyla,26,SO,1600822151,65,9.49,50.81,78.49,23.78
412,General Pico,100,AR,1600822154,47,-35.66,-63.76,60.04,10.22
413,Dekar,0,BW,1600822155,58,-21.53,21.93,63.45,15.32
414,Nadym,65,RU,1600822156,92,65.53,72.52,35.83,15.48
415,Daru,84,PG,1600822157,82,-9.08,143.21,80.62,17.49
416,Roald,59,NO,1600822160,63,62.58,6.13,60.8,13.87
417,Viedma,100,AR,1600822161,58,-40.81,-63.0,48.0,1.99
418,São Domingos,93,BR,1600822162,38,-13.4,-46.32,79.86,0.78
419,São Gabriel da Cachoeira,99,BR,1600822164,85,-0.13,-67.09,76.68,1.61
420,Shyroke,0,UA,1600822165,45,47.69,33.26,48.2,6.71
421,Sīrjān,0,IR,1600822166,35,29.45,55.68,59.11,9.55
422,Norrtälje,0,SE,1600822167,100,59.76,18.7,53.01,6.93
423,Santiago del Estero,0,AR,1600822169,30,-27.8,-64.26,68.05,9.75
424,Synya,100,RU,1600822170,97,65.37,58.04,40.01,4.21
425,Chernyshevskiy,0,RU,1600822171,78,63.01,112.47,45.63,6.96
426,Flinders,0,AU,1600822172,37,-34.58,150.86,70.0,17.0
427,Namatanai,97,PG,1600822174,68,-3.67,152.43,84.34,4.65
428,Mareeba,90,AU,1600822175,65,-17.0,145.43,86.0,2.24
429,Singapore,75,SG,1600822153,88,1.29,103.85,80.6,3.09
430,Zdvinsk,99,RU,1600822177,79,54.7,78.66,44.8,10.25
431,Obrenovac,49,RS,1600822179,77,44.65,20.2,63.0,2.24
432,Moïssala,100,TD,1600822180,94,8.34,17.77,70.52,4.34
433,Prince Rupert,90,CA,1600822182,62,54.32,-130.32,57.2,12.75
434,Sabang,100,ID,1600822183,75,5.89,95.32,82.83,5.14
435,Ekimchan,0,RU,1600822185,51,53.07,132.97,58.39,1.23
436,Namwala,0,ZM,1600822186,45,-15.75,26.44,65.07,7.99
437,Yelizovo,40,RU,1600822112,66,53.19,158.38,55.4,2.24
438,São Filipe,4,CV,1600822188,82,14.9,-24.5,80.15,3.11
439,Casma,0,CL,1600822190,81,-41.01,-73.12,48.2,3.36
440,Alcalá de Henares,80,ES,1600822191,87,40.48,-3.36,64.99,7.34
441,Bogovarovo,100,RU,1600822192,87,58.98,47.02,44.37,8.23
442,Wawa,4,NG,1600822193,95,9.9,4.42,73.42,4.94
443,Quelimane,21,MZ,1600822195,86,-17.88,36.89,70.61,7.65
444,Kungurtug,1,RU,1600822196,57,50.6,97.52,48.27,1.1
445,Basco,5,PH,1600822197,77,20.45,121.97,82.11,14.47
446,Zavodskoy,20,RU,1600822198,72,43.46,132.29,64.4,3.42
447,Mahibadhoo,100,MV,1600822200,79,3.78,72.97,81.05,14.43
448,Oddur,100,SO,1600822201,73,4.12,43.89,74.19,17.09
449,Coahuayana Viejo,90,MX,1600821917,78,18.73,-103.68,73.4,3.13
450,Kisanga,59,TZ,1600822203,80,-7.44,37.7,73.44,2.82
